856834115
870128690
654552922
207442309
1511588122
834068396
1846873530
966245083
1799388853
494387258
984674766
846455593
178804962
118245790
1920624725
839426280
187130533
1990378944
525017507
2083630786
312394492
1380390115
449643443
1612358838
1054413206
1158854875
1328639450
1475318056
604218959
1698402220
220584981
1461053074
421047262
875137903
1668495383
1932635384
1709206300
1367885266
751396819
1361111505
1862272524
1736071585
60083450
2041077486
1854317376
1980708175
733020118
2041447909
1823603472
1258037626
1977595047
2135997964
490944093
279754842
1600873155
1545357299
1438609718
782028957
873191707
2042828677
332947529
1093776688
1356398104
753994791
1968914592
877409839
539146527
1530637244
97811457
1290543347
744265101
1960083981
879131284
804348551
1853677820
585965012
637573079
439214290
479929273
313692903
1697251916
310040672
302207219
40712361
589795515
1903080374
1586069660
2028405233
537625684
311777719
1923750262
870573213
1405554408
1132664718
1624568005
1226985352
2010074558
16230884
610138948
2107886015
1306774231
1354404049
1920486349
38421868
11268952
1626680521
624386880
648842031
2065894811
1104316154
962534934
1615663080
1414356826
1264742154
1656375441
2004152341
1020338880
1094961454
1885073926
1557964564
1406739173
1661340541
281054130
664809933
646521611
1905622135
1891795285
509112521
1921853019
354450585
469514889
1081143603
1708854634
242517590
1119565471
1720123587
1869198111
1743952351
221481970
1787609274
700784857
1184016905
1255788706
2115141684
301275411
764680500
1971810377
1321614291
1859641954
1709400656
732095208
1118897479
1223257549
1013149338
1783707413
1869779160
771287825
1528019050
231408034
545657196
1882469636
700922923
1626800799
1443840622
943440513
598882622
1016480561
665154976
195351326
1237962532
305280602
896136183
274495789
1561069309
863794219
575771200
178266161
688120949
1897385491
2037908115
250037957
481997051
1009321946
1473295506
1495146389
645545711
1195591018
118950566
26081114
1426999052
664607763
1908550750
2127921975
143924914
1204907724
923878840
742807537
73904638
1589033816
